79.56,77.52,76.55,77.52,79.56,81.67,83.54,85.15,86.55,87.77,88.85,89.82,90.70,91.50,92.23,92.91,93.54,94.13,94.68,95.20,95.69,96.15,96.59,97.01,97.41,97.80,98.16,98.52,98.85,99.18,99.49,99.80,100.09,100.37,100.65,100.92,101.17,101.42,101.67,101.91,77.52,73.54,70.53,73.54,77.52,80.53,82.83,84.68,86.21,87.52,88.66,89.67,90.57,91.39,92.14,92.83,93.47,94.07,94.63,95.15,95.65,96.12,96.56,96.98,97.39,97.77,98.14,98.50,98.84,99.16,99.48,99.78,100.08,100.36,100.64,100.90,101.16,101.41,101.66,101.90,76.55,70.53,64.00,70.53,76.55,80.07,82.57,84.51,86.09,87.43,88.59,89.61,90.53,91.36,92.11,92.81,93.45,94.05,94.61,95.14,95.63,96.10,96.55,96.97,97.38,97.76,98.13,98.49,98.83,99.16,99.47,99.78,100.07,100.36,100.63,100.90,101.16,101.41,101.66,101.89,77.52,73.54,70.53,73.54,77.52,80.53,82.83,84.68,86.21,87.52,88.66,89.67,90.57,91.39,92.14,92.83,93.47,94.07,94.63,95.15,95.65,96.12,96.56,96.98,97.39,97.77,98.14,98.50,98.84,99.16,99.48,99.78,100.08,100.36,100.64,100.90,101.16,101.41,101.66,101.90,79.56,77.52,76.55,77.52,79.56,81.67,83.54,85.15,86.55,87.77,88.85,89.82,90.70,91.50,92.23,92.91,93.54,94.13,94.68,95.20,95.69,96.15,96.59,97.01,97.41,97.80,98.16,98.52,98.85,99.18,99.49,99.80,100.09,100.37,100.65,100.92,101.17,101.42,101.67,101.91,81.67,80.53,80.07,80.53,81.67,83.08,84.51,85.84,87.06,88.16,89.16,90.07,90.90,91.67,92.38,93.03,93.65,94.22,94.76,95.27,95.75,96.21,96.65,97.06,97.46,97.84,98.20,98.55,98.89,99.21,99.52,99.82,100.11,100.40,100.67,100.94,101.19,101.44,101.69,101.92,83.54,82.83,82.57,82.83,83.54,84.51,85.58,86.66,87.69,88.66,89.56,90.40,91.17,91.90,92.57,93.20,93.79,94.35,94.87,95.37,95.84,96.29,96.72,97.13,97.52,97.89,98.25,98.60,98.93,99.25,99.56,99.86,100.15,100.43,100.70,100.96,101.22,101.47,101.71,101.94,85.15,84.68,84.51,84.68,85.15,85.84,86.66,87.52,88.38,89.22,90.02,90.78,91.50,92.17,92.81,93.41,93.97,94.51,95.02,95.50,95.96,96.40,96.81,97.21,97.60,97.96,98.32,98.66,98.99,99.30,99.61,99.90,100.19,100.47,100.74,101.00,101.25,101.50,101.74,101.97,86.55,86.21,86.09,86.21,86.55,87.06,87.69,88.38,89.10,89.82,90.53,91.21,91.86,92.49,93.08,93.65,94.18,94.70,95.18,95.65,96.09,96.52,96.92,97.31,97.69,98.05,98.40,98.73,99.05,99.37,99.67,99.96,100.24,100.52,100.78,101.04,101.29,101.54,101.77,102.01,87.77,87.52,87.43,87.52,87.77,88.16,88.66,89.22,89.82,90.44,91.06,91.67,92.26,92.83,93.38,93.91,94.42,94.91,95.37,95.82,96.25,96.66,97.05,97.43,97.80,98.15,98.49,98.82,99.13,99.44,99.74,100.02,100.30,100.57,100.84,101.09,101.34,101.58,101.82,102.05,88.85,88.66,88.59,88.66,88.85,89.16,89.56,90.02,90.53,91.06,91.60,92.14,92.68,93.20,93.71,94.20,94.68,95.14,95.58,96.01,96.42,96.81,97.19,97.56,97.92,98.26,98.59,98.91,99.22,99.52,99.81,100.10,100.37,100.64,100.90,101.15,101.39,101.63,101.86,102.09,89.82,89.67,89.61,89.67,89.82,90.07,90.40,90.78,91.21,91.67,92.14,92.62,93.11,93.58,94.05,94.51,94.95,95.39,95.81,96.21,96.60,96.98,97.35,97.71,98.05,98.38,98.70,99.02,99.32,99.61,99.90,100.18,100.45,100.71,100.96,101.21,101.45,101.69,101.92,102.14,90.70,90.57,90.53,90.57,90.70,90.90,91.17,91.50,91.86,92.26,92.68,93.11,93.54,93.97,94.40,94.83,95.24,95.65,96.04,96.43,96.80,97.17,97.52,97.86,98.19,98.52,98.83,99.13,99.43,99.71,99.99,100.27,100.53,100.79,101.04,101.28,101.52,101.75,101.98,102.20,91.50,91.39,91.36,91.39,91.50,91.67,91.90,92.17,92.49,92.83,93.20,93.58,93.97,94.37,94.76,95.15,95.54,95.92,96.29,96.66,97.01,97.36,97.70,98.03,98.35,98.66,98.96,99.26,99.54,99.82,100.10,100.36,100.62,100.87,101.12,101.36,101.59,101.82,102.04,102.26,92.23,92.14,92.11,92.14,92.23,92.38,92.57,92.81,93.08,93.38,93.71,94.05,94.40,94.76,95.12,95.48,95.84,96.20,96.55,96.89,97.23,97.56,97.88,98.20,98.51,98.81,99.10,99.39,99.67,99.94,100.20,100.46,100.72,100.96,101.20,101.44,101.67,101.89,102.11,102.33,92.91,92.83,92.81,92.83,92.91,93.03,93.20,93.41,93.65,93.91,94.20,94.51,94.83,95.15,95.48,95.82,96.15,96.48,96.81,97.14,97.46,97.77,98.08,98.38,98.68,98.97,99.25,99.53,99.80,100.06,100.32,100.57,100.82,101.06,101.30,101.53,101.75,101.97,102.19,102.40,93.54,93.47,93.45,93.47,93.54,93.65,93.79,93.97,94.18,94.42,94.68,94.95,95.24,95.54,95.84,96.15,96.46,96.77,97.08,97.39,97.69,97.99,98.28,98.57,98.85,99.13,99.41,99.67,99.93,100.19,100.44,100.69,100.93,101.16,101.39,101.62,101.84,102.05,102.27,102.47,94.13,94.07,94.05,94.07,94.13,94.22,94.35,94.51,94.70,94.91,95.14,95.39,95.65,95.92,96.20,96.48,96.77,97.06,97.35,97.64,97.92,98.21,98.49,98.76,99.04,99.30,99.57,99.82,100.08,100.32,100.57,100.81,101.04,101.27,101.49,101.71,101.93,102.14,102.35,102.55,94.68,94.63,94.61,94.63,94.68,94.76,94.87,95.02,95.18,95.37,95.58,95.81,96.04,96.29,96.55,96.81,97.08,97.35,97.62,97.89,98.16,98.43,98.70,98.96,99.22,99.48,99.73,99.98,100.22,100.46,100.70,100.93,101.16,101.38,101.60,101.82,102.03,102.23,102.44,102.64,95.20,95.15,95.14,95.15,95.20,95.27,95.37,95.50,95.65,95.82,96.01,96.21,96.43,96.66,96.89,97.14,97.39,97.64,97.89,98.15,98.40,98.66,98.91,99.16,99.41,99.66,99.90,100.14,100.37,100.61,100.83,101.06,101.28,101.50,101.71,101.92,102.13,102.33,102.53,102.72,95.69,95.65,95.63,95.65,95.69,95.75,95.84,95.96,96.09,96.25,96.42,96.60,96.80,97.01,97.23,97.46,97.69,97.92,98.16,98.40,98.64,98.89,99.13,99.37,99.60,99.84,100.07,100.30,100.53,100.75,100.97,101.19,101.41,101.62,101.83,102.03,102.23,102.43,102.62,102.82,96.15,96.12,96.10,96.12,96.15,96.21,96.29,96.39,96.52,96.66,96.81,96.98,97.17,97.36,97.56,97.77,97.99,98.21,98.43,98.66,98.89,99.11,99.34,99.57,99.80,100.02,100.25,100.47,100.69,100.90,101.12,101.33,101.54,101.74,101.94,102.14,102.34,102.53,102.72,102.91,96.59,96.56,96.55,96.56,96.59,96.65,96.72,96.81,96.92,97.05,97.19,97.35,97.52,97.70,97.88,98.08,98.28,98.49,98.70,98.91,99.13,99.34,99.56,99.78,99.99,100.21,100.42,100.64,100.85,101.06,101.26,101.47,101.67,101.87,102.06,102.26,102.45,102.64,102.82,103.01,97.01,96.98,96.97,96.98,97.01,97.06,97.13,97.21,97.31,97.43,97.56,97.71,97.86,98.03,98.20,98.38,98.57,98.76,98.96,99.16,99.37,99.57,99.78,99.98,100.19,100.40,100.60,100.81,101.01,101.21,101.41,101.61,101.80,102.00,102.19,102.38,102.56,102.75,102.93,103.11,97.41,97.39,97.38,97.39,97.41,97.46,97.52,97.60,97.69,97.80,97.92,98.05,98.19,98.35,98.51,98.68,98.85,99.04,99.22,99.41,99.60,99.80,99.99,100.19,100.39,100.58,100.78,100.98,101.17,101.37,101.56,101.75,101.94,102.13,102.31,102.50,102.68,102.86,103.03,103.21,97.80,97.77,97.76,97.77,97.80,97.84,97.89,97.96,98.05,98.15,98.26,98.38,98.52,98.66,98.81,98.97,99.13,99.30,99.48,99.66,99.84,100.02,100.21,100.40,100.58,100.77,100.96,101.15,101.34,101.53,101.71,101.90,102.08,102.26,102.44,102.62,102.79,102.97,103.14,103.31,98.16,98.14,98.13,98.14,98.16,98.20,98.25,98.32,98.40,98.49,98.59,98.70,98.83,98.96,99.10,99.25,99.40,99.56,99.73,99.90,100.07,100.25,100.42,100.60,100.78,100.96,101.14,101.32,101.50,101.68,101.86,102.04,102.22,102.40,102.57,102.74,102.91,103.08,103.25,103.42,98.52,98.49,98.49,98.49,98.52,98.55,98.60,98.66,98.73,98.82,98.91,99.02,99.13,99.26,99.39,99.53,99.67,99.82,99.98,100.14,100.30,100.47,100.64,100.81,100.98,101.15,101.32,101.50,101.67,101.84,102.02,102.19,102.36,102.53,102.70,102.87,103.04,103.20,103.36,103.53,98.85,98.84,98.83,98.83,98.85,98.89,98.93,98.99,99.05,99.13,99.22,99.32,99.43,99.54,99.67,99.80,99.93,100.08,100.22,100.37,100.53,100.69,100.85,101.01,101.17,101.34,101.50,101.67,101.84,102.01,102.17,102.34,102.50,102.67,102.83,103.00,103.16,103.32,103.48,103.64,99.18,99.16,99.16,99.16,99.18,99.21,99.25,99.30,99.37,99.44,99.52,99.61,99.71,99.82,99.94,100.06,100.19,100.32,100.46,100.61,100.75,100.90,101.06,101.21,101.37,101.53,101.68,101.84,102.01,102.17,102.33,102.49,102.65,102.81,102.97,103.12,103.28,103.44,103.59,103.75,99.49,99.48,99.47,99.48,99.49,99.52,99.56,99.61,99.67,99.74,99.81,99.90,99.99,100.10,100.20,100.32,100.44,100.57,100.70,100.83,100.97,101.12,101.26,101.41,101.56,101.71,101.86,102.02,102.17,102.33,102.48,102.64,102.79,102.95,103.10,103.25,103.41,103.56,103.71,103.86,99.80,99.78,99.78,99.78,99.80,99.82,99.86,99.90,99.96,100.02,100.10,100.18,100.26,100.36,100.46,100.57,100.69,100.81,100.93,101.06,101.19,101.33,101.47,101.61,101.75,101.90,102.04,102.19,102.34,102.49,102.64,102.79,102.94,103.09,103.24,103.38,103.53,103.68,103.83,103.97,100.09,100.08,100.07,100.08,100.09,100.11,100.15,100.19,100.24,100.30,100.37,100.45,100.53,100.62,100.72,100.82,100.93,101.04,101.16,101.28,101.41,101.54,101.67,101.80,101.94,102.08,102.22,102.36,102.50,102.65,102.79,102.94,103.08,103.23,103.37,103.51,103.66,103.80,103.94,104.09,100.37,100.36,100.36,100.36,100.37,100.40,100.43,100.47,100.52,100.57,100.64,100.71,100.79,100.87,100.96,101.06,101.16,101.27,101.38,101.50,101.62,101.74,101.87,102.00,102.13,102.26,102.40,102.53,102.67,102.81,102.95,103.09,103.23,103.37,103.51,103.65,103.79,103.92,104.06,104.20,100.65,100.64,100.63,100.64,100.65,100.67,100.70,100.74,100.78,100.83,100.89,100.96,101.04,101.12,101.20,101.29,101.39,101.49,101.60,101.71,101.83,101.94,102.06,102.19,102.31,102.44,102.57,102.70,102.83,102.97,103.10,103.24,103.37,103.51,103.64,103.78,103.91,104.05,104.18,104.32,100.92,100.90,100.90,100.90,100.92,100.93,100.96,101.00,101.04,101.09,101.15,101.21,101.28,101.36,101.44,101.53,101.62,101.71,101.82,101.92,102.03,102.14,102.26,102.38,102.50,102.62,102.74,102.87,103.00,103.12,103.25,103.38,103.51,103.65,103.78,103.91,104.04,104.17,104.30,104.43,101.17,101.16,101.16,101.16,101.17,101.19,101.22,101.25,101.29,101.34,101.39,101.45,101.52,101.59,101.67,101.75,101.84,101.93,102.03,102.13,102.23,102.34,102.45,102.56,102.68,102.79,102.91,103.03,103.16,103.28,103.41,103.53,103.66,103.79,103.91,104.04,104.17,104.30,104.42,104.55,101.42,101.41,101.41,101.41,101.42,101.44,101.47,101.50,101.54,101.58,101.63,101.69,101.75,101.82,101.89,101.97,102.05,102.14,102.23,102.33,102.43,102.53,102.64,102.75,102.86,102.97,103.08,103.20,103.32,103.44,103.56,103.68,103.80,103.92,104.05,104.17,104.30,104.42,104.54,104.67,101.67,101.66,101.66,101.66,101.67,101.69,101.71,101.74,101.77,101.82,101.86,101.92,101.98,102.04,102.11,102.19,102.27,102.35,102.44,102.53,102.62,102.72,102.82,102.93,103.03,103.14,103.25,103.36,103.48,103.59,103.71,103.83,103.94,104.06,104.18,104.30,104.42,104.54,104.66,104.79,101.91,101.90,101.89,101.90,101.91,101.92,101.94,101.97,102.01,102.05,102.09,102.14,102.20,102.26,102.33,102.40,102.47,102.55,102.64,102.72,102.81,102.91,103.01,103.11,103.21,103.31,103.42,103.53,103.64,103.75,103.86,103.97,104.09,104.20,104.32,104.43,104.55,104.67,104.79,104.90
82.06,81.30,71.97,81.30,82.06,89.02,91.38,94.08,96.64,98.23,99.33,100.26,101.44,102.17,102.82,103.40,103.98,104.44,104.84,105.24,105.63,105.96,107.63,107.85,109.13,108.67,112.61,113.95,111.16,112.51,116.14,114.18,114.40,113.37,113.38,116.83,112.84,114.05,112.01,117.71,74.88,0.00,0.00,0.00,74.80,86.11,89.71,91.18,95.67,97.19,98.43,99.75,100.61,101.62,102.87,103.49,104.00,104.47,104.88,105.28,105.68,106.03,106.28,110.51,110.55,113.37,113.77,114.46,111.06,114.31,114.43,114.22,114.26,114.52,110.69,113.87,110.59,111.70,111.01,112.05,73.55,0.00,0.00,0.00,75.87,87.49,89.89,92.31,95.77,97.26,98.48,99.66,100.73,101.60,102.33,103.52,104.00,104.46,104.89,105.32,105.69,106.04,108.19,107.78,112.81,109.10,110.53,114.12,112.91,112.67,114.14,112.06,110.06,111.20,112.51,113.75,112.93,112.51,112.28,113.32,72.77,0.00,0.00,0.00,74.85,86.11,90.69,92.64,95.32,97.19,98.61,99.75,100.78,101.58,102.95,103.47,103.96,104.45,104.86,105.28,105.65,106.02,108.40,108.41,108.96,109.07,112.35,112.86,114.70,111.19,111.92,113.19,114.02,115.16,114.41,114.69,112.84,113.09,115.36,114.58,79.82,82.94,68.45,81.30,82.06,87.82,91.38,94.49,96.64,98.23,99.72,100.73,101.49,102.17,102.88,103.43,103.98,101.00,104.86,105.26,105.66,105.98,108.46,108.65,108.78,108.84,103.97,106.93,109.98,110.12,114.92,113.39,112.38,114.48,114.78,116.15,117.34,114.96,115.27,113.16,86.89,86.45,86.26,83.60,85.53,90.19,94.09,94.43,96.29,97.75,99.42,100.45,101.42,102.15,102.69,103.33,103.92,104.37,101.90,102.85,105.64,105.98,113.37,113.42,112.58,111.11,105.01,109.77,104.96,108.96,110.34,108.04,108.75,109.43,110.22,110.43,113.48,116.65,118.06,118.84,91.69,88.92,89.97,87.28,91.69,92.20,95.33,96.00,97.51,99.08,100.27,101.24,101.98,102.54,103.20,99.60,104.32,104.76,102.69,103.62,105.94,106.53,108.10,108.60,109.11,109.18,107.00,112.26,113.06,109.12,109.89,107.48,111.81,113.92,113.51,114.39,115.25,116.99,115.35,115.02,94.29,94.03,94.36,93.60,93.09,93.47,96.67,96.97,98.81,99.83,100.81,101.75,101.83,102.52,103.09,103.62,104.21,104.67,105.12,105.51,105.88,106.22,107.30,108.23,108.43,108.63,103.94,109.57,109.99,109.47,109.60,112.27,108.96,109.96,111.82,113.05,118.33,118.05,115.57,115.71,95.61,96.10,96.04,96.10,95.95,97.54,97.56,99.25,99.45,100.56,101.37,101.48,102.28,102.90,103.49,104.05,104.55,104.99,103.23,105.79,105.02,108.06,107.39,108.32,108.52,109.24,104.77,105.57,109.81,110.16,112.15,107.27,107.74,108.36,109.21,110.22,113.15,115.22,116.40,115.80,97.97,98.07,96.56,97.85,98.39,98.73,99.04,99.97,100.15,101.13,101.95,101.98,102.76,103.35,103.88,104.35,104.79,105.26,105.30,105.71,106.07,106.33,106.67,108.21,108.43,108.38,108.16,109.26,109.32,109.51,109.58,106.54,107.38,107.52,107.78,109.94,114.44,112.38,116.29,117.17,98.96,98.88,98.84,99.22,99.30,99.56,100.26,100.42,101.19,101.52,102.39,102.51,103.08,103.70,104.18,104.70,104.69,105.17,105.58,105.96,108.34,108.70,108.40,107.98,109.41,109.65,105.28,105.99,109.85,110.15,109.27,110.24,109.18,112.23,109.53,109.85,112.11,113.18,115.30,114.40,100.58,99.43,99.73,99.90,100.58,100.68,100.91,100.94,101.82,102.02,102.70,103.35,103.45,103.99,104.49,104.96,105.02,105.43,105.83,110.59,108.60,107.85,108.75,108.95,108.44,108.64,109.81,109.94,110.04,107.23,109.25,108.10,109.52,109.89,108.50,110.98,112.07,111.90,114.39,114.32,101.33,101.28,101.27,101.07,101.13,101.31,101.41,102.31,102.37,103.07,103.20,103.67,103.83,104.33,104.81,104.85,105.29,105.69,106.04,112.15,108.80,109.80,108.32,111.02,102.59,114.45,105.47,106.33,107.04,109.96,109.22,108.28,109.99,109.82,109.41,108.99,111.91,109.58,114.22,114.01,101.97,101.86,101.85,101.78,101.97,102.55,102.68,102.72,102.90,103.49,103.59,104.08,104.56,104.60,105.04,105.49,105.54,105.91,108.07,108.57,112.93,112.56,110.83,112.59,113.32,112.33,109.00,112.38,110.21,108.82,109.23,108.25,108.85,109.94,110.79,109.76,109.21,111.43,113.38,115.27,102.90,102.87,102.99,102.92,102.84,103.05,103.11,103.19,103.62,103.79,104.21,104.38,104.75,104.89,105.32,105.71,105.79,106.14,110.82,108.88,108.87,113.28,114.46,114.95,116.21,113.97,114.65,115.10,110.01,110.09,113.39,107.57,109.86,109.72,110.95,108.72,110.31,112.18,113.53,109.53,103.29,103.26,103.39,103.36,103.29,103.46,103.92,103.87,103.99,104.40,104.49,104.64,105.06,105.50,105.60,105.95,106.00,108.48,108.68,111.22,108.82,108.91,112.87,115.22,114.24,115.33,116.59,116.00,113.41,112.66,111.33,109.92,110.26,109.74,111.93,112.61,111.71,113.09,111.44,111.27,103.98,103.56,103.61,103.67,104.08,104.16,104.17,104.23,104.29,104.78,104.85,105.31,105.37,105.77,104.27,106.18,108.59,108.61,108.93,109.02,112.38,110.92,109.60,115.16,115.78,116.16,116.70,111.22,114.73,112.75,110.40,110.11,109.76,109.98,110.50,110.53,115.12,109.32,113.79,109.65,104.44,104.33,104.37,104.33,104.39,104.43,104.47,104.86,104.95,105.07,105.42,105.55,105.63,105.95,106.06,106.33,108.09,108.66,108.95,109.22,109.27,114.88,115.36,109.90,114.01,112.81,114.49,114.26,114.59,115.17,110.19,110.00,109.78,111.11,110.43,115.33,113.38,109.38,114.47,114.85,104.73,104.67,104.71,104.75,104.73,104.90,104.94,105.03,105.21,105.56,105.67,105.76,107.98,106.20,107.01,107.05,108.68,108.77,113.74,108.57,108.91,112.39,109.78,111.96,113.78,113.48,112.36,110.32,112.14,113.33,110.22,110.56,110.29,109.31,110.76,109.33,113.29,109.50,116.05,115.95,105.27,106.55,107.07,105.21,107.30,107.01,106.47,106.48,107.97,108.01,107.87,106.53,106.55,108.26,108.36,107.49,107.58,109.13,109.19,109.22,109.30,109.31,109.99,111.61,115.85,111.92,112.60,109.72,111.27,111.22,110.58,108.73,112.43,111.18,114.36,113.68,112.76,113.14,109.10,115.21,107.71,106.63,105.29,107.17,107.17,107.18,107.95,107.55,108.18,108.22,108.43,108.39,107.87,106.61,107.01,107.74,107.28,108.11,108.47,109.50,113.22,112.60,110.15,109.00,109.05,112.20,109.49,108.64,109.81,111.60,113.40,114.81,110.03,111.43,115.42,118.26,110.24,110.88,109.71,115.24,107.33,108.07,106.05,106.71,108.04,108.12,108.14,107.61,108.29,108.41,108.43,107.72,108.67,108.10,108.48,108.50,108.61,108.17,109.20,109.56,109.64,113.21,110.26,110.11,109.40,112.85,111.01,110.02,109.24,110.59,112.06,111.79,110.29,110.55,110.57,111.21,111.03,109.76,109.96,117.34,106.99,108.37,107.07,107.76,107.30,108.35,107.67,108.69,107.62,108.49,108.75,108.86,108.76,108.46,108.54,109.14,109.44,108.34,109.74,109.76,110.00,110.33,109.61,114.62,109.55,109.31,111.34,108.96,109.80,108.70,109.11,108.90,108.82,109.56,112.49,109.63,116.92,114.42,115.40,116.04,108.12,108.33,108.12,107.82,108.21,108.75,108.70,108.80,107.69,108.46,108.92,109.04,109.06,109.21,109.19,109.34,108.58,109.76,109.94,109.37,108.89,109.97,109.55,111.30,110.15,109.70,110.37,110.01,110.75,110.69,110.03,111.16,109.44,108.76,114.04,114.96,109.96,109.93,109.83,110.05,108.56,108.35,108.55,108.89,108.77,108.74,109.01,108.96,109.22,109.32,109.03,109.26,109.43,109.51,109.55,109.73,108.25,108.34,109.85,109.69,108.95,110.08,109.45,108.90,109.08,109.97,110.06,109.80,111.06,109.59,110.43,113.89,109.33,109.19,109.98,109.88,109.42,109.84,109.86,116.67,107.94,109.03,108.86,109.01,108.87,109.05,109.29,109.37,109.43,109.52,109.08,109.59,109.62,109.65,109.66,109.30,110.15,108.69,109.25,108.99,109.61,109.88,109.27,109.05,108.30,108.47,109.00,110.08,109.94,109.12,109.39,109.36,109.33,110.34,110.43,115.72,110.31,109.62,110.08,119.06,109.29,109.11,109.38,109.25,109.25,109.29,109.41,109.52,108.70,109.17,109.70,109.73,109.72,109.59,109.61,110.01,110.12,109.02,109.21,109.32,108.97,108.92,109.73,109.65,109.63,109.49,108.38,110.24,109.69,109.12,109.17,109.42,109.27,109.89,109.64,110.69,112.27,111.33,121.03,122.16,109.50,109.40,109.45,109.07,109.47,109.53,109.54,109.49,109.01,109.66,109.79,109.71,110.06,109.37,109.89,110.36,110.39,109.07,109.71,109.10,109.53,109.62,109.62,109.49,109.61,109.80,109.40,108.77,110.23,109.81,109.41,109.90,115.70,109.19,109.87,116.93,120.54,119.22,121.24,121.63,109.63,109.74,109.75,108.80,109.69,109.54,109.85,109.53,108.21,109.60,109.50,110.11,110.20,110.04,110.28,109.84,110.35,109.39,109.84,110.07,110.08,110.38,109.52,109.86,110.21,109.83,111.25,110.25,114.02,111.20,110.90,110.31,116.64,116.12,117.17,118.14,119.56,120.86,122.62,121.22,109.72,109.21,109.71,109.96,109.72,109.76,112.23,108.85,109.50,109.54,109.30,109.54,110.28,110.43,110.37,110.13,110.19,109.87,110.42,110.43,109.86,109.87,109.79,110.14,110.82,110.86,112.62,113.04,114.94,120.84,118.34,116.96,118.29,118.35,120.06,118.01,121.69,121.88,119.93,120.13,109.21,109.20,109.22,109.23,109.81,110.03,109.92,109.89,109.69,110.18,109.82,109.71,109.98,110.22,110.55,110.53,110.70,110.86,110.87,110.91,109.91,110.38,110.30,110.08,110.80,109.97,113.23,118.91,116.94,119.96,118.71,119.91,120.76,112.72,119.07,118.56,120.56,120.65,119.68,120.11,110.20,109.75,109.75,109.40,109.40,111.16,112.44,110.13,110.34,110.46,110.48,110.49,110.02,109.42,108.74,109.75,110.75,110.92,110.96,111.03,111.03,110.47,110.71,111.22,111.40,111.47,114.66,111.94,111.70,111.29,116.68,118.77,118.63,120.76,119.72,121.47,122.60,121.56,119.46,121.57,109.65,110.33,110.19,110.13,109.41,109.70,111.90,110.53,112.24,110.55,110.39,109.72,110.11,111.45,110.19,109.28,111.97,110.79,110.88,111.05,110.68,110.58,110.81,111.12,111.28,111.38,111.69,111.36,111.42,110.92,111.25,111.40,118.91,111.61,113.55,121.68,123.40,119.91,120.20,120.47,110.59,110.59,109.40,110.25,110.18,110.42,110.68,114.99,110.15,110.16,110.50,109.71,110.22,110.16,109.56,110.29,112.79,112.63,111.07,111.29,111.03,110.39,111.47,111.31,112.28,113.08,110.77,111.19,111.20,111.02,117.28,118.57,118.14,111.82,119.82,119.83,120.53,120.78,120.61,121.05,112.27,110.47,110.00,110.06,110.57,110.65,115.68,110.79,110.17,110.25,110.32,109.50,109.77,110.24,110.99,111.87,111.69,110.81,111.39,111.52,111.08,111.74,111.33,111.53,111.91,111.46,113.56,111.43,111.49,118.17,118.31,111.32,110.84,119.68,122.25,120.46,110.71,121.96,122.18,122.74,114.77,110.81,110.27,109.58,110.39,110.09,110.10,111.94,112.90,110.52,109.45,109.87,110.59,110.91,110.89,111.19,114.36,109.70,115.77,113.85,113.21,111.36,116.38,111.79,111.99,111.89,113.01,112.45,111.53,118.62,118.68,118.68,119.67,119.07,121.11,123.33,120.92,120.94,123.40,122.00,112.67,112.60,109.35,109.97,109.35,110.28,109.21,109.16,112.34,108.55,109.58,109.86,110.16,110.05,109.08,109.53,111.83,110.15,118.60,114.65,111.47,111.78,111.96,112.05,112.07,112.17,113.78,112.74,111.57,121.03,119.22,119.36,120.13,120.27,122.93,123.99,123.07,122.07,122.29,122.87,109.17,109.94,109.49,109.49,109.50,109.75,110.59,110.54,108.67,109.53,110.20,110.88,110.74,110.75,109.06,109.05,110.70,111.45,112.30,111.47,111.51,111.84,112.02,112.12,114.78,112.00,116.84,113.39,113.99,112.05,120.04,120.18,120.47,121.75,121.90,122.02,123.01,125.06,123.77,122.72,111.10,111.34,110.22,109.88,109.80,110.34,109.60,109.53,109.24,109.09,111.16,110.80,111.02,110.87,109.91,109.47,112.23,111.35,112.94,113.67,111.55,111.33,112.17,112.76,114.38,112.19,112.48,111.68,113.10,123.60,123.43,121.35,121.06,122.42,121.80,122.80,123.74,123.61,124.15,126.58,110.96,112.45,110.05,109.84,110.01,112.40,110.15,110.07,109.39,110.54,111.21,110.91,110.93,110.76,110.55,110.03,110.18,109.53,111.84,110.09,111.36,111.17,111.76,112.03,111.83,116.19,112.44,114.39,111.09,124.38,121.12,122.01,122.16,124.75,123.91,124.03,124.22,124.71,125.43,126.77