95.12,93.71,92.57,92.11,92.57,93.71,95.12,96.55,97.88,99.10,93.71,91.60,89.56,88.59,89.56,91.60,93.71,95.58,97.19,98.59,92.57,89.56,85.58,82.57,85.58,89.56,92.57,94.87,96.72,98.25,92.11,88.59,82.57,76.04,82.57,88.59,92.11,94.61,96.55,98.13,92.57,89.56,85.58,82.57,85.58,89.56,92.57,94.87,96.72,98.25,93.71,91.60,89.56,88.59,89.56,91.60,93.71,95.58,97.19,98.59,95.12,93.71,92.57,92.11,92.57,93.71,95.12,96.55,97.88,99.10,96.55,95.58,94.87,94.61,94.87,95.58,96.55,97.62,98.70,99.73,97.88,97.19,96.72,96.55,96.72,97.19,97.88,98.70,99.56,100.42,99.10,98.59,98.25,98.13,98.25,98.59,99.10,99.73,100.42,101.14
105.15,104.12,102.90,102.80,103.07,104.24,105.30,106.48,108.18,115.31,104.03,101.85,100.12,98.65,100.25,102.32,104.20,105.58,111.71,109.90,102.92,99.80,94.96,88.81,94.24,100.18,103.20,105.13,108.73,109.44,101.88,98.07,89.89,72.95,87.91,98.29,102.35,104.87,106.31,107.84,102.77,99.48,94.24,88.04,95.33,99.94,103.20,105.17,106.62,112.07,103.58,101.28,99.83,98.03,99.82,102.20,104.18,105.47,108.47,109.35,105.02,103.89,103.02,102.57,102.75,104.16,105.22,107.40,108.66,109.39,107.97,105.42,104.99,104.62,105.11,105.64,108.44,107.75,109.18,107.90,108.59,107.91,108.33,107.26,108.15,107.24,108.35,109.59,110.30,109.55,109.55,108.76,109.04,109.34,109.28,109.44,109.94,110.43,110.10,111.08