102.48,101.86,101.26,100.7,100.2,99.81,99.56,99.47,99.56,99.81,101.86,101.14,100.42,99.73,99.1,98.59,98.25,98.13,98.25,98.59,101.26,100.42,99.56,98.7,97.88,97.19,96.72,96.55,96.72,97.19,100.7,99.73,98.7,97.62,96.55,95.58,94.87,94.61,94.87,95.58,100.2,99.1,97.88,96.55,95.12,93.71,92.57,92.11,92.57,93.71,99.81,98.59,97.19,95.58,93.71,91.6,89.56,88.59,89.56,91.6,99.56,98.25,96.72,94.87,92.57,89.56,85.58,82.57,85.58,89.56,99.47,98.13,96.55,94.61,92.11,88.59,82.57,67.52,82.57,88.59,99.56,98.25,96.72,94.87,92.57,89.56,85.58,82.57,85.58,89.56,99.81,98.59,97.19,95.58,93.71,91.6,89.56,88.59,89.56,91.6
110.1,110.84,109.79,115.7,112.17,109.95,110.15,110.11,110.32,110.28,111.11,109.93,113.85,109.36,108.66,109.34,109.42,109.43,108.92,108.74,110.46,109.81,109.7,107.98,108.73,108.9,106.32,106.35,106.43,106.88,108.89,108.84,108.77,106.88,106.34,105.54,104.98,104.57,105.17,105.58,113.37,108.02,107.58,106.29,104.97,104.01,102.66,102.57,102.28,104.07,110.12,109.39,107.75,104.92,103.65,101.64,99.14,97.6,99.49,101.52,109.82,108.59,106.28,104.62,102.59,98.94,92.13,85.18,92.95,98.38,112.82,108.91,105.89,104.32,101.44,96.22,86.97,0.0,87.42,97.85,109.66,107.68,106.42,104.49,102.19,98.57,92.13,85.7,93.9,99.8,110.03,109.12,107.8,104.98,103.5,101.4,99.32,98.44,100.12,102.2