91.60,89.56,88.59,89.56,91.60,93.71,95.58,97.19,98.59,99.81,89.56,85.58,82.57,85.58,89.56,92.57,94.87,96.72,98.25,99.56,88.59,82.57,67.52,82.57,88.59,92.11,94.61,96.55,98.13,99.47,89.56,85.58,82.57,85.58,89.56,92.57,94.87,96.72,98.25,99.56,91.60,89.56,88.59,89.56,91.60,93.71,95.58,97.19,98.59,99.81,93.71,92.57,92.11,92.57,93.71,95.12,96.55,97.88,99.10,100.20,95.58,94.87,94.61,94.87,95.58,96.55,97.62,98.70,99.73,100.70,97.19,96.72,96.55,96.72,97.19,97.88,98.70,99.56,100.42,101.26,98.59,98.25,98.13,98.25,98.59,99.10,99.73,100.42,101.14,101.86,99.81,99.56,99.47,99.56,99.81,100.20,100.70,101.26,101.86,102.48
101.75,99.66,98.45,99.98,102.13,104.03,105.47,107.92,108.48,115.27,99.30,92.95,86.34,94.60,99.94,103.11,105.11,108.55,108.56,109.13,97.38,86.57,0.00,87.42,97.85,102.20,104.82,106.31,109.39,110.33,99.12,93.57,86.34,94.24,99.64,102.99,105.01,107.30,109.37,110.15,101.52,99.50,97.81,100.12,102.13,104.03,105.47,106.96,113.38,110.50,103.69,102.08,102.49,102.18,103.96,105.19,106.40,109.21,114.92,109.60,105.23,104.78,104.52,104.94,105.47,106.29,108.59,109.84,109.11,115.11,108.48,106.11,106.15,107.64,108.73,107.92,108.94,109.66,110.87,117.71,108.91,107.90,109.28,108.73,109.44,108.18,110.29,110.68,110.88,111.75,110.16,111.80,109.17,109.69,109.89,108.91,110.75,111.12,111.52,112.16