97.62,96.55,95.58,94.87,94.61,94.87,95.58,96.55,97.62,98.70,96.55,95.12,93.71,92.57,92.11,92.57,93.71,95.12,96.55,97.88,95.58,93.71,91.60,89.56,88.59,89.56,91.60,93.71,95.58,97.19,94.87,92.57,89.56,85.58,82.57,85.58,89.56,92.57,94.87,96.72,94.61,92.11,88.59,82.57,67.52,82.57,88.59,92.11,94.61,96.55,94.87,92.57,89.56,85.58,82.57,85.58,89.56,92.57,94.87,96.72,95.58,93.71,91.60,89.56,88.59,89.56,91.60,93.71,95.58,97.19,96.55,95.12,93.71,92.57,92.11,92.57,93.71,95.12,96.55,97.88,97.62,96.55,95.58,94.87,94.61,94.87,95.58,96.55,97.62,98.70,98.70,97.88,97.19,96.72,96.55,96.72,97.19,97.88,98.70,99.56
108.97,112.25,105.64,105.20,104.85,105.24,105.75,108.21,109.25,110.78,107.08,105.19,104.24,103.02,102.96,103.17,104.31,105.36,105.93,110.43,105.47,104.15,102.32,100.55,99.33,100.61,102.39,104.22,105.60,109.10,105.05,103.11,100.18,95.33,90.95,95.33,100.18,103.20,105.17,107.48,104.66,101.67,98.07,90.87,0.00,89.89,98.99,96.56,104.91,106.36,104.79,102.77,99.80,94.24,87.55,95.33,100.33,103.16,105.13,108.67,105.37,103.92,102.32,99.98,98.65,100.37,102.27,104.20,105.56,108.16,108.27,105.07,104.07,102.90,102.86,103.07,104.12,105.36,105.93,109.35,108.86,108.31,107.74,105.07,104.57,105.17,105.70,106.36,107.94,104.08,108.97,108.82,107.72,108.32,107.84,112.21,107.85,109.16,103.60,106.90