101.14,100.42,99.73,99.10,98.59,98.25,98.13,98.25,98.59,99.10,100.42,99.56,98.70,97.88,97.19,96.72,96.55,96.72,97.19,97.88,99.73,98.70,97.62,96.55,95.58,94.87,94.61,94.87,95.58,96.55,99.10,97.88,96.55,95.12,93.71,92.57,92.11,92.57,93.71,95.12,98.59,97.19,95.58,93.71,91.60,89.56,88.59,89.56,91.60,93.71,98.25,96.72,94.87,92.57,89.56,85.58,82.57,85.58,89.56,92.57,98.13,96.55,94.61,92.11,88.59,82.57,67.52,82.57,88.59,92.11,98.25,96.72,94.87,92.57,89.56,85.58,82.57,85.58,89.56,92.57,98.59,97.19,95.58,93.71,91.60,89.56,88.59,89.56,91.60,93.71,99.10,97.88,96.55,95.12,93.71,92.57,92.11,92.57,93.71,95.12
110.29,110.10,111.24,112.64,109.75,109.64,109.56,108.75,109.93,109.96,109.74,110.49,109.80,108.36,107.74,108.42,106.50,107.36,108.05,110.24,108.53,108.87,109.04,107.50,105.70,105.24,104.81,105.26,105.76,106.05,109.86,109.24,107.25,105.22,104.27,103.11,102.91,103.07,104.33,105.32,109.51,108.13,105.40,104.18,102.13,100.47,99.18,100.47,101.95,104.20,107.92,106.89,104.93,102.59,99.64,94.96,87.55,94.24,100.18,103.06,109.02,106.35,104.75,101.78,97.85,87.91,0.00,87.42,98.07,102.33,109.17,108.19,104.89,102.85,99.64,94.96,87.55,96.29,100.38,98.44,109.42,110.16,105.24,103.79,101.75,99.66,98.65,100.25,102.36,104.23,115.17,108.86,107.50,105.02,104.02,102.90,102.86,103.14,104.32,105.36