64.00,70.53,76.55,80.07,82.57,84.51,86.09,87.43,88.59,89.61,70.53,73.54,77.52,80.53,82.83,84.68,86.21,87.52,88.66,89.67,76.55,77.52,79.56,81.67,83.54,85.15,86.55,87.77,88.85,89.82,80.07,80.53,81.67,83.08,84.51,85.84,87.06,88.16,89.16,90.07,82.57,82.83,83.54,84.51,85.58,86.66,87.69,88.66,89.56,90.40,84.51,84.68,85.15,85.84,86.66,87.52,88.38,89.22,90.02,90.78,86.09,86.21,86.55,87.06,87.69,88.38,89.10,89.82,90.53,91.21,87.43,87.52,87.77,88.16,88.66,89.22,89.82,90.44,91.06,91.67,88.59,88.66,88.85,89.16,89.56,90.02,90.53,91.06,91.60,92.14,89.61,89.67,89.82,90.07,90.40,90.78,91.21,91.67,92.14,92.62
0.00,0.00,70.96,81.24,86.20,90.95,92.93,96.16,97.85,98.82,0.00,0.00,70.33,80.79,85.91,90.76,92.20,95.20,97.08,98.96,68.36,77.41,78.31,84.81,89.99,92.27,94.84,96.83,98.60,99.97,81.24,81.52,83.41,88.00,90.71,91.10,94.72,96.76,97.94,99.47,84.97,85.13,90.81,89.95,92.13,92.55,95.93,97.71,99.31,100.43,90.49,90.61,90.91,91.57,94.89,94.71,97.39,98.88,100.23,101.20,92.60,92.68,92.89,94.96,96.02,97.93,98.40,99.51,100.88,101.01,94.38,95.95,96.10,96.32,97.48,98.87,99.09,99.93,100.96,101.47,97.19,97.23,97.34,97.51,99.15,99.69,100.71,100.89,101.76,101.68,98.30,98.33,99.37,99.50,99.81,99.82,101.07,101.47,102.15,104.87