73.54,70.53,73.54,77.52,80.53,82.83,84.68,86.21,87.52,88.66,70.53,64.00,70.53,76.55,80.07,82.57,84.51,86.09,87.43,88.59,73.54,70.53,73.54,77.52,80.53,82.83,84.68,86.21,87.52,88.66,77.52,76.55,77.52,79.56,81.67,83.54,85.15,86.55,87.77,88.85,80.53,80.07,80.53,81.67,83.08,84.51,85.84,87.06,88.16,89.16,82.83,82.57,82.83,83.54,84.51,85.58,86.66,87.69,88.66,89.56,84.68,84.51,84.68,85.15,85.84,86.66,87.52,88.38,89.22,90.02,86.21,86.09,86.21,86.55,87.06,87.69,88.38,89.10,89.82,90.53,87.52,87.43,87.52,87.77,88.16,88.66,89.22,89.82,90.44,91.06,88.66,88.59,88.66,88.85,89.16,89.56,90.02,90.53,91.06,91.60
0.00,0.00,0.00,74.80,84.77,90.70,91.63,95.68,97.42,98.44,0.00,0.00,0.00,75.87,85.10,90.87,90.95,94.68,96.74,98.66,0.00,0.00,0.00,74.86,86.11,90.70,91.63,94.56,96.66,98.44,77.96,68.39,83.35,84.76,85.59,91.39,94.49,96.05,98.03,99.61,82.78,82.49,88.74,84.75,88.00,93.20,93.57,95.99,97.76,99.43,86.52,86.34,86.52,90.06,91.35,94.61,94.63,97.52,99.09,100.18,92.08,91.96,92.08,92.38,94.25,96.39,96.97,98.30,99.84,100.73,94.10,94.02,94.10,94.30,97.31,97.57,99.11,98.80,100.39,101.00,97.14,95.70,97.14,97.27,97.94,98.57,99.73,99.77,100.89,101.44,98.28,98.25,98.28,98.38,98.73,99.67,100.16,101.30,101.35,102.37