79.56,77.52,76.55,77.52,79.56,81.67,83.54,85.15,86.55,87.77,77.52,73.54,70.53,73.54,77.52,80.53,82.83,84.68,86.21,87.52,76.55,70.53,64.00,70.53,76.55,80.07,82.57,84.51,86.09,87.43,77.52,73.54,70.53,73.54,77.52,80.53,82.83,84.68,86.21,87.52,79.56,77.52,76.55,77.52,79.56,81.67,83.54,85.15,86.55,87.77,81.67,80.53,80.07,80.53,81.67,83.08,84.51,85.84,87.06,88.16,83.54,82.83,82.57,82.83,83.54,84.51,85.58,86.66,87.69,88.66,85.15,84.68,84.51,84.68,85.15,85.84,86.66,87.52,88.38,89.22,86.55,86.21,86.09,86.21,86.55,87.06,87.69,88.38,89.10,89.82,87.77,87.52,87.43,87.52,87.77,88.16,88.66,89.22,89.82,90.44
79.28,79.77,71.61,79.77,83.64,85.59,91.39,94.49,96.05,98.03,73.95,0.00,0.00,0.00,74.88,84.77,85.91,90.76,93.81,96.66,70.78,0.00,0.00,0.00,75.89,85.10,86.97,90.95,93.94,96.45,74.77,0.00,0.00,0.00,73.95,80.40,87.13,91.18,93.45,96.07,78.31,82.95,71.88,78.36,78.31,85.59,90.42,93.69,96.35,97.80,82.81,82.17,81.89,82.45,83.41,88.36,92.78,93.16,95.66,97.76,89.41,85.89,85.71,85.89,90.42,91.35,94.60,94.98,97.27,98.57,91.74,91.43,91.32,91.43,93.09,93.48,95.78,95.53,98.08,98.88,93.70,93.49,93.41,93.49,94.62,95.97,97.06,98.56,98.80,99.51,96.79,96.65,95.15,96.65,97.03,97.00,97.71,99.41,99.45,100.39