83.08,81.67,80.53,80.07,80.53,81.67,83.08,84.51,85.84,87.06,81.67,79.56,77.52,76.55,77.52,79.56,81.67,83.54,85.15,86.55,80.53,77.52,73.54,70.53,73.54,77.52,80.53,82.83,84.68,86.21,80.07,76.55,70.53,64.00,70.53,76.55,80.07,82.57,84.51,86.09,80.53,77.52,73.54,70.53,73.54,77.52,80.53,82.83,84.68,86.21,81.67,79.56,77.52,76.55,77.52,79.56,81.67,83.54,85.15,86.55,83.08,81.67,80.53,80.07,80.53,81.67,83.08,84.51,85.84,87.06,84.51,83.54,82.83,82.57,82.83,83.54,84.51,85.58,86.66,87.69,85.84,85.15,84.68,84.51,84.68,85.15,85.84,86.66,87.52,88.38,87.06,86.55,86.21,86.09,86.21,86.55,87.06,87.69,88.38,89.10
89.19,86.89,86.46,86.26,88.74,84.23,89.67,94.55,93.57,96.59,84.81,83.64,83.43,71.98,83.40,82.06,86.64,90.88,94.90,97.17,87.19,74.86,0.00,0.00,0.00,72.77,84.77,88.54,91.18,94.56,80.85,75.78,0.00,0.00,0.00,70.87,83.63,87.92,91.82,95.06,80.40,73.95,0.00,0.00,0.00,70.24,81.30,88.54,92.12,95.32,84.81,78.88,77.96,68.45,81.30,79.83,87.82,91.39,94.90,96.92,88.00,83.41,82.78,82.49,84.15,84.75,90.19,93.20,93.57,96.59,90.60,90.06,86.52,86.34,88.22,91.69,92.21,94.60,95.67,97.52,92.77,92.38,92.08,91.96,92.80,92.72,94.65,96.39,96.12,97.63,96.24,94.30,94.10,94.02,94.42,94.30,96.78,97.57,98.76,98.80