89.10,88.38,87.69,87.06,86.55,86.21,86.09,86.21,86.55,87.06,88.38,87.52,86.66,85.84,85.15,84.68,84.51,84.68,85.15,85.84,87.69,86.66,85.58,84.51,83.54,82.83,82.57,82.83,83.54,84.51,87.06,85.84,84.51,83.08,81.67,80.53,80.07,80.53,81.67,83.08,86.55,85.15,83.54,81.67,79.56,77.52,76.55,77.52,79.56,81.67,86.21,84.68,82.83,80.53,77.52,73.54,70.53,73.54,77.52,80.53,86.09,84.51,82.57,80.07,76.55,70.53,64.00,70.53,76.55,80.07,86.21,84.68,82.83,80.53,77.52,73.54,70.53,73.54,77.52,80.53,86.55,85.15,83.54,81.67,79.56,77.52,76.55,77.52,79.56,81.67,87.06,85.84,84.51,83.08,81.67,80.53,80.07,80.53,81.67,83.08
99.16,99.38,98.01,98.12,95.28,95.78,95.72,96.41,96.56,97.77,97.63,97.82,97.20,93.86,94.30,94.03,93.93,94.46,94.71,95.42,96.47,95.33,95.69,90.96,92.70,88.92,88.81,88.92,92.18,93.69,95.03,92.76,92.38,89.19,84.75,87.71,87.53,87.71,89.15,90.98,95.44,92.94,89.60,87.82,82.06,83.43,71.98,83.43,84.82,90.02,93.45,90.37,87.64,84.77,74.85,0.00,0.00,0.00,74.80,86.11,93.58,90.56,88.73,85.10,75.87,0.00,0.00,0.00,75.81,86.42,93.45,90.37,87.64,84.77,74.80,0.00,0.00,0.00,73.95,81.98,95.44,92.94,89.60,86.06,79.83,82.95,72.01,82.95,83.64,85.59,95.03,92.39,92.00,88.76,83.79,84.15,86.26,86.46,85.54,89.19