90.44,89.82,89.22,88.66,88.16,87.77,87.52,87.43,87.52,87.77,89.82,89.10,88.38,87.69,87.06,86.55,86.21,86.09,86.21,86.55,89.22,88.38,87.52,86.66,85.84,85.15,84.68,84.51,84.68,85.15,88.66,87.69,86.66,85.58,84.51,83.54,82.83,82.57,82.83,83.54,88.16,87.06,85.84,84.51,83.08,81.67,80.53,80.07,80.53,81.67,87.77,86.55,85.15,83.54,81.67,79.56,77.52,76.55,77.52,79.56,87.52,86.21,84.68,82.83,80.53,77.52,73.54,70.53,73.54,77.52,87.43,86.09,84.51,82.57,80.07,76.55,70.53,64.00,70.53,76.55,87.52,86.21,84.68,82.83,80.53,77.52,73.54,70.53,73.54,77.52,87.77,86.55,85.15,83.54,81.67,79.56,77.52,76.55,77.52,79.56
100.66,99.92,99.73,98.91,97.71,97.98,97.85,96.84,98.47,98.19,99.51,99.16,99.11,98.01,97.05,95.62,94.75,95.02,95.78,95.95,98.68,98.67,95.25,94.89,93.86,93.48,93.19,93.50,94.03,94.30,97.71,95.93,94.30,93.90,90.96,91.69,88.22,88.81,88.92,91.69,96.51,94.42,93.16,92.78,88.76,85.54,84.15,86.26,86.46,85.54,96.83,94.84,92.27,89.99,86.06,79.28,78.36,68.45,81.30,82.06,95.20,92.79,91.18,87.13,83.28,72.77,0.00,0.00,0.00,70.33,95.30,92.93,90.56,86.20,82.39,74.72,0.00,0.00,0.00,70.87,95.20,92.79,90.00,85.91,81.98,73.95,0.00,0.00,0.00,70.24,96.83,94.84,92.27,89.23,85.17,80.61,79.77,68.58,78.93,79.28