91.60,91.06,90.53,90.02,89.56,89.16,88.85,88.66,88.59,88.66,91.06,90.44,89.82,89.22,88.66,88.16,87.77,87.52,87.43,87.52,90.53,89.82,89.10,88.38,87.69,87.06,86.55,86.21,86.09,86.21,90.02,89.22,88.38,87.52,86.66,85.84,85.15,84.68,84.51,84.68,89.56,88.66,87.69,86.66,85.58,84.51,83.54,82.83,82.57,82.83,89.16,88.16,87.06,85.84,84.51,83.08,81.67,80.53,80.07,80.53,88.85,87.77,86.55,85.15,83.54,81.67,79.56,77.52,76.55,77.52,88.66,87.52,86.21,84.68,82.83,80.53,77.52,73.54,70.53,73.54,88.59,87.43,86.09,84.51,82.57,80.07,76.55,70.53,64.00,70.53,88.66,87.52,86.21,84.68,82.83,80.53,77.52,73.54,70.53,73.54
102.06,101.60,101.46,100.76,100.13,99.43,99.30,99.48,99.55,99.37,103.26,101.07,100.16,100.15,98.91,98.56,98.40,98.47,97.58,98.28,100.88,100.68,99.16,98.76,97.80,97.77,95.95,96.11,96.35,96.11,100.23,99.06,97.86,96.41,96.09,95.04,94.71,94.88,94.37,94.46,99.48,98.15,97.52,95.67,94.97,93.18,92.70,91.06,89.98,90.09,98.57,97.02,96.30,94.00,93.65,90.19,84.75,87.72,87.53,86.46,98.79,97.32,95.44,94.08,91.39,86.64,80.61,79.77,68.58,78.93,97.56,95.78,94.18,90.76,88.54,84.77,74.85,0.00,0.00,0.00,97.62,95.87,93.94,90.56,87.42,85.10,75.89,0.00,0.00,0.00,97.56,95.78,93.81,91.18,87.64,84.77,74.88,0.00,0.00,0.00