92.62,92.14,91.67,91.21,90.78,90.40,90.07,89.82,89.67,89.61,92.14,91.60,91.06,90.53,90.02,89.56,89.16,88.85,88.66,88.59,91.67,91.06,90.44,89.82,89.22,88.66,88.16,87.77,87.52,87.43,91.21,90.53,89.82,89.10,88.38,87.69,87.06,86.55,86.21,86.09,90.78,90.02,89.22,88.38,87.52,86.66,85.84,85.15,84.68,84.51,90.40,89.56,88.66,87.69,86.66,85.58,84.51,83.54,82.83,82.57,90.07,89.16,88.16,87.06,85.84,84.51,83.08,81.67,80.53,80.07,89.82,88.85,87.77,86.55,85.15,83.54,81.67,79.56,77.52,76.55,89.67,88.66,87.52,86.21,84.68,82.83,80.53,77.52,73.54,70.53,89.61,88.59,87.43,86.09,84.51,82.57,80.07,76.55,70.53,64.00
104.53,104.36,101.96,101.96,100.71,100.81,100.68,100.80,100.14,99.88,103.44,102.21,101.53,101.46,100.30,100.13,98.92,98.97,99.22,98.85,101.99,101.96,100.66,99.09,99.57,98.37,98.16,98.19,98.28,96.84,100.76,100.61,99.68,98.60,98.36,97.57,97.31,95.95,95.44,95.37,100.96,99.93,98.68,97.86,96.70,96.39,93.86,94.30,94.03,93.93,100.28,99.13,98.57,97.01,94.98,94.60,90.96,91.69,88.22,87.55,99.47,98.15,97.27,95.66,93.57,93.20,88.76,83.41,83.15,82.49,99.65,98.39,96.83,95.44,92.60,90.42,86.06,79.28,77.96,68.45,98.57,97.08,95.49,92.79,90.37,87.13,81.98,72.77,0.00,0.00,98.62,97.15,95.58,93.58,90.95,87.42,82.39,73.55,0.00,0.00